>>> This is from PCND16.MMM
00 73 00 00 00 10 03 5a 6e 80 00 00 00 01 00 00 00 00 00 05 00 00 00 00 00 00 00 19 00 00 00 29 00 00 00 29 00 00 00 29 00 00 00 "on mouseUp\r  \rend mouseUp\u000fFULLSCRN.s8.new"
00 73 00 00 00 10 03 59 13 34 00 00 00 01 00 00 00 00 00 05 00 00 00 00 00 00 00 9e 00 00 00 a6 00 00 00 a6 00 00 00 a6 00 00 00 "on mouseUp\r  puppetsound \"click\"\r  set the castnum of sprite 24 to the number of cast \"Orb.lit\"\r  updatestage\r  delay 30\r  showme\r  go to \"orbbye\"\rend mouseUp\u0007Orb_btn"
00 73 00 00 00 10 03 5a b1 b4 00 00 00 01 00 00 00 00 00 05 00 00 00 00 00 00 00 19 00 00 00 1a 00 00 00 1a 00 00 00 1a 00 00 00 "on mouseUp\r  \rend mouseUp\u0000"
00 73 00 00 00 10 03 57 91 00 00 00 00 01 00 00 00 00 00 05 00 00 00 00 00 00 00 19 00 00 00 1a 00 00 00 1a 00 00 00 1a 00 00 00 "on mouseUp\r  \rend mouseUp\u0000"
00 73 00 00 00 10 03 57 77 10 00 00 00 01 00 00 00 00 00 05 00 00 00 00 00 00 00 19 00 00 00 19 00 00 00 19 00 00 00 19 00 00 00 "on mouseUp\r  \rend mouseUp"
00 73 00 00 00 10 03 5a d0 4c 00 00 00 01 00 00 00 00 00 05 00 00 00 00 00 00 00 19 00 00 00 19 00 00 00 19 00 00 00 19 00 00 00 "on mouseUp\r  \rend mouseUp"
00 73 00 00 00 10 03 5a 6e cc 00 00 00 01 00 00 00 00 00 05 00 00 00 00 00 00 00 19 00 00 00 1e 00 00 00 1e 00 00 00 1e 00 00 00 "on mouseUp\r  \rend mouseUp\u0004RP.1"
00 73 00 00 00 10 03 57 f2 a4 00 00 00 01 00 00 00 00 00 05 00 00 00 00 00 00 00 19 00 00 00 1a 00 00 00 1a 00 00 00 1a 00 00 00 "on mouseUp\r  \rend mouseUp\u0000"
00 73 00 00 00 10 03 58 fb 44 00 00 00 01 00 00 00 00 00 05 00 00 00 00 00 00 00 8b 00 00 00 8c 00 00 00 8c 00 00 00 8c 00 00 00 "on mouseUp\r  puppetsound \"click\"\r  set the castnum of sprite 14 to the number of cast \"Phone.Lit\"\r  updatestage\r  go to \"neuro\"\rend mouseUp\u0000"
00 73 00 00 00 10 03 58 fb 30 00 00 00 01 00 00 00 00 00 05 00 00 00 00 00 00 00 19 00 00 00 19 00 00 00 19 00 00 00 19 00 00 00 "on mouseUp\r  \rend mouseUp"
00 73 00 00 00 10 03 5c 0e 24 00 00 00 01 00 00 00 00 00 05 00 00 00 00 00 00 00 19 00 00 00 19 00 00 00 19 00 00 00 19 00 00 00 "on mouseUp\r  \rend mouseUp"
00 73 00 00 00 10 03 58 fa f0 00 00 00 01 00 00 00 00 00 05 00 00 00 00 00 00 00 19 00 00 00 22 00 00 00 22 00 00 00 22 00 00 00 "on mouseUp\r  \rend mouseUp\bVRUI_Btn"
00 73 00 00 00 10 03 58 fa cc 00 00 00 01 00 00 00 00 00 05 00 00 00 00 00 00 00 19 00 00 00 1a 00 00 00 1a 00 00 00 1a 00 00 00 "on mouseUp\r  \rend mouseUp\u0000"
00 73 00 00 00 10 03 58 f5 28 00 00 00 01 00 00 00 00 00 05 00 00 00 00 00 00 00 19 00 00 00 1a 00 00 00 1a 00 00 00 1a 00 00 00 "on mouseUp\r  \rend mouseUp\u0000"
00 73 00 00 00 10 03 58 f5 3c 00 00 00 01 00 00 00 00 00 05 00 00 00 00 00 00 00 19 00 00 00 25 00 00 00 25 00 00 00 25 00 00 00 "on mouseUp\r  \rend mouseUp\u000bCredits2.24"
00 73 00 00 00 10 03 58 f5 4c 00 00 00 01 00 00 00 00 00 05 00 00 00 00 00 00 00 73 00 00 00 74 00 00 00 74 00 00 00 74 00 00 00 "on mouseUp\r  puppetsound \"click\"\r  set the castnum of sprite 15 to b75\r  updatestage\r  waitSound\r  junk\rend mouseUp\u0000"
00 73 00 00 00 10 03 58 f5 64 00 00 00 01 00 00 00 00 00 05 00 00 00 00 00 00 00 72 00 00 00 79 00 00 00 79 00 00 00 79 00 00 00 "on mouseUp\r  puppetsound \"click\"\r  set the castnum of sprite 15 to b28\r  updatestage\r  go to marker(1)\rend mouseUp\u0006hangup"
00 73 00 00 00 10 03 58 f5 7c 00 00 00 01 00 00 00 00 00 05 00 00 00 00 00 00 00 7d 00 00 00 83 00 00 00 83 00 00 00 83 00 00 00 "on mouseUp\r  global money\r  puppetsound \"click\"\r  set money=money+500\r  put money into field \"hell\"\r  updatestage\rend mouseUp\u0005cheat"
00 73 00 00 00 10 03 58 f5 8c 00 00 00 01 00 00 00 00 00 05 00 00 00 00 00 00 00 39 00 00 00 3e 00 00 00 3e 00 00 00 3e 00 00 00 "on mouseUp\r  puppetsound \"click\"\rgo to \"shut\"\rend mouseUp\u0004hang"
00 73 00 00 00 10 03 58 f5 a8 00 00 00 02 00 00 00 00 00 05 00 00 00 00 00 00 00 a5 00 00 00 ac 00 00 00 ac 00 00 00 ac 00 00 00 "on mousedown\r  puppetsound \"click\"  \r  repeat while the mousedown\r    set the castnum of sprite 15 to b28\r    updatestage\r  end repeat\r  go to \"moov2\"\rend mousedown\r\u0006hang 2"
00 73 00 00 00 10 03 58 f5 b8 00 00 00 02 00 00 00 00 00 05 00 00 00 00 00 00 00 a6 00 00 00 ad 00 00 00 ad 00 00 00 ad 00 00 00 "on mousedown\r  puppetsound \"click\"  \r  repeat while the mousedown\r    set the castnum of sprite 15 to b28\r    updatestage\r  end repeat\r  go to marker(1)\rend mousedown\u0006hang 3"
00 73 00 00 00 10 03 58 f5 c8 00 00 00 01 00 00 00 00 00 05 00 00 00 00 00 00 00 1d 00 00 00 1d 00 00 00 1d 00 00 00 1d 00 00 00 "on mouseUp\r  quit\rend mouseUp"
00 73 00 00 00 10 03 58 f5 d8 00 00 00 01 00 00 00 00 00 05 00 00 00 00 00 00 00 28 00 00 00 30 00 00 00 30 00 00 00 30 00 00 00 "on mouseUp\r  go to marker(1)\rend mouseUp\u0007skip 19"
00 73 00 00 00 10 03 58 f6 18 00 00 00 01 00 00 00 00 00 05 00 00 00 00 00 00 00 19 00 00 00 24 00 00 00 24 00 00 00 24 00 00 00 "on mouseUp\r  \rend mouseUp\nUnhook.Dim"
00 73 00 00 00 10 03 58 f6 28 00 00 00 01 00 00 00 00 00 05 00 00 00 00 00 00 00 19 00 00 00 25 00 00 00 25 00 00 00 25 00 00 00 "on mouseUp\r  \rend mouseUp\u000bUnhook.Dim2"
00 73 00 00 00 10 03 58 f6 38 00 00 00 01 00 00 00 00 00 05 00 00 00 00 00 00 00 26 00 00 00 2e 00 00 00 2e 00 00 00 2e 00 00 00 "on mouseUp\r  go to \"neuro\"\rend mouseUp\u0007ret nue"
00 73 00 00 00 10 03 58 f6 48 00 00 00 01 00 00 00 00 00 05 00 00 00 00 00 00 00 25 00 00 00 2a 00 00 00 2a 00 00 00 2a 00 00 00 "on mouseUp\r  go to \"on 1\"\rend mouseUp\u0004on 1"
00 73 00 00 00 10 03 58 f6 58 00 00 00 01 00 00 00 00 00 05 00 00 00 00 00 00 00 25 00 00 00 2a 00 00 00 2a 00 00 00 2a 00 00 00 "on mouseUp\r  go to \"on 2\"\rend mouseUp\u0004on 2"
00 73 00 00 00 10 03 58 f6 68 00 00 00 01 00 00 00 00 00 05 00 00 00 00 00 00 00 84 00 00 00 8c 00 00 00 8c 00 00 00 8c 00 00 00 "on mouseUp\r  puppetsound \"click\"\r  set the castnum of sprite 4 to b75\r  updatestage\r  delay 30\r  showme\r  go to \"orbbye\"\rend mouseUp\u0007Orb_btn"
00 73 00 00 00 10 03 58 f6 78 00 00 00 02 00 00 00 00 00 05 00 00 00 00 00 00 00 8e 00 00 00 95 00 00 00 95 00 00 00 95 00 00 00 "on mousedown\r  --hell\r  puppetsound \"click\"\r    set the castnum of sprite 10 to b28\r    updatestage\r  delay 30\r   go to \"sheep\"\rend mousedown\r\u0006hang 4"
00 73 00 00 00 10 03 58 f6 88 00 00 00 01 00 00 00 00 00 05 00 00 00 00 00 00 00 25 00 00 00 2a 00 00 00 2a 00 00 00 2a 00 00 00 "on mouseUp\r  go to \"on 3\"\rend mouseUp\u0004on 3"
00 73 00 00 00 10 03 58 f6 98 00 00 00 01 00 00 00 00 00 05 00 00 00 00 00 00 00 25 00 00 00 2a 00 00 00 2a 00 00 00 2a 00 00 00 "on mouseUp\r  go to \"on 4\"\rend mouseUp\u0004on 4"
00 73 00 00 00 10 03 58 f6 a8 00 00 00 01 00 00 00 00 00 05 00 00 00 00 00 00 00 26 00 00 00 32 00 00 00 32 00 00 00 32 00 00 00 "on mouseUp\r  go to \"mes 0\"\rend mouseUp\u000bgo to mes 0"
00 73 00 00 00 10 03 58 f6 b8 00 00 00 01 00 00 00 00 00 05 00 00 00 00 00 00 00 19 00 00 00 28 00 00 00 28 00 00 00 28 00 00 00 "on mouseUp\r  \rend mouseUp\u000eNow Entering.8"
00 73 00 00 00 10 03 58 f6 c8 00 00 00 01 00 00 00 00 00 05 00 00 00 00 00 00 00 19 00 00 00 2e 00 00 00 2e 00 00 00 2e 00 00 00 "on mouseUp\r  \rend mouseUp\u0014Sorry Dine In.pict.8"
00 73 00 00 00 10 03 58 f6 d8 00 00 00 01 00 00 00 00 00 05 00 00 00 00 00 00 00 25 00 00 00 25 00 00 00 25 00 00 00 25 00 00 00 "on mouseUp\r  go to \"mx 1\"\rend mouseUp"
00 73 00 00 00 10 03 58 f6 e8 00 00 00 01 00 00 00 00 00 05 00 00 00 00 00 00 00 25 00 00 00 25 00 00 00 25 00 00 00 25 00 00 00 "on mouseUp\r  go to \"mx 2\"\rend mouseUp"
00 73 00 00 00 10 03 58 f6 f8 00 00 00 01 00 00 00 00 00 05 00 00 00 00 00 00 00 25 00 00 00 25 00 00 00 25 00 00 00 25 00 00 00 "on mouseUp\r  go to \"mx 3\"\rend mouseUp"
00 73 00 00 00 10 03 58 f7 08 00 00 00 01 00 00 00 00 00 05 00 00 00 00 00 00 00 25 00 00 00 25 00 00 00 25 00 00 00 25 00 00 00 "on mouseUp\r  go to \"mx 4\"\rend mouseUp"
00 73 00 00 00 10 03 58 f7 18 00 00 00 01 00 00 00 00 00 05 00 00 00 00 00 00 00 34 00 00 00 35 00 00 00 35 00 00 00 35 00 00 00 "on mouseUp\r  go to frame \"final credits\"\rend mouseUp\u0000"
00 73 00 00 00 10 03 58 f7 28 00 00 00 01 00 00 00 00 00 05 00 00 00 00 00 00 00 1d 00 00 00 2b 00 00 00 2b 00 00 00 2b 00 00 00 "on mouseUp\r  quit\rend mouseUp\rFinalQuit_btn"
00 73 00 00 00 10 03 58 f7 38 00 00 00 01 00 00 00 01 00 05 00 00 00 00 00 00 00 28 00 00 00 30 00 00 00 3d 00 00 00 49 00 00 00 "on mouseUp\r  go to \"nothome\"\rend mouseUp\u0007online1\fNEURODANCER:\u000bONLINE1.MOVMooV"
00 73 00 00 00 10 03 58 f7 48 00 00 00 01 00 00 00 01 00 05 00 00 00 00 00 00 00 28 00 00 00 34 00 00 00 41 00 00 00 4d 00 00 00 "on mouseUp\r  go to \"nothome\"\rend mouseUp\u000bONLINE2.MOV\fNeuroDancer:\u000bONLINE2.MOVMooV"
00 73 00 00 00 10 03 58 f7 58 00 00 00 01 00 00 00 01 00 05 00 00 00 00 00 00 00 2a 00 00 00 32 00 00 00 3f 00 00 00 4b 00 00 00 "on mouseUp\r    go to \"nothome\"\rend mouseUp\u0007online3\fNEURODANCER:\u000bONLINE3.MOVMooV"
00 73 00 00 00 10 03 58 f7 68 00 00 00 01 00 00 00 01 00 05 00 00 00 00 00 00 00 2a 00 00 00 32 00 00 00 3f 00 00 00 4b 00 00 00 "on mouseUp\r    go to \"nothome\"\rend mouseUp\u0007online4\fNeuroDancer:\u000bONLINE4.MOVMooV"
00 73 00 00 00 10 03 58 f7 78 00 00 00 01 00 00 00 01 00 05 00 00 00 00 00 00 00 26 00 00 00 2b 00 00 00 38 00 00 00 40 00 00 00 "on mouseUp\r  go to \"mes 0\"\rend mouseUp\u0004mx 1\fNuerodancer:\u0007MX1.MOVMooV"
00 73 00 00 00 10 03 58 f7 88 00 00 00 01 00 00 00 01 00 05 00 00 00 00 00 00 00 26 00 00 00 2b 00 00 00 38 00 00 00 40 00 00 00 "on mouseUp\r  go to \"mes 0\"\rend mouseUp\u0004mx 2\fNuerodancer:\u0007MX2.MOVMooV"
00 73 00 00 00 10 03 58 f7 98 00 00 00 01 00 00 00 01 00 05 00 00 00 00 00 00 00 26 00 00 00 2b 00 00 00 38 00 00 00 40 00 00 00 "on mouseUp\r  go to \"mes 0\"\rend mouseUp\u0004mx 3\fNuerodancer:\u0007MX3.MOVMooV"
00 73 00 00 00 10 03 58 f7 a8 00 00 00 01 00 00 00 01 00 05 00 00 00 00 00 00 00 19 00 00 00 25 00 00 00 32 00 00 00 3e 00 00 00 "on mouseUp\r  \rend mouseUp\u000bkim talk.cd\fNuerodancer:\u000bKIMTALK.MOVMooV"
00 73 00 00 00 10 03 58 f7 cc 00 00 00 01 00 00 00 01 00 05 00 00 00 00 00 00 00 17 00 00 00 26 00 00 00 33 00 00 00 3f 00 00 00 "on mouseUp\r\rend mouseUp\u000ekatara talk.cd\fNuerodancer:\u000bKATTALK.MOVMooV"
00 73 00 00 00 10 03 58 f7 e0 00 00 00 01 00 00 00 01 00 05 00 00 00 00 00 00 00 19 00 00 00 28 00 00 00 35 00 00 00 41 00 00 00 "on mouseUp\r  \rend mouseUp\u000ekatara tfui.cd\fNuerodancer:\u000bKATTFUI.MOVMooV"
00 73 00 00 00 10 03 58 f7 f4 00 00 00 01 00 00 00 01 00 05 00 00 00 00 00 00 00 28 00 00 00 32 00 00 00 3f 00 00 00 48 00 00 00 "on mouseUp\r  go to marker(1)\rend mouseUp\tHacker.cd\fNuerodancer:\bHACK.MOVMooV"
00 73 00 00 00 10 03 58 f8 04 00 00 00 01 00 00 00 01 00 05 00 00 00 00 00 00 00 28 00 00 00 34 00 00 00 41 00 00 00 4e 00 00 00 "on mouseUp\r  go to marker(2)\rend mouseUp\u000bRoomexit.CD\fNuerodancer:\fROOMEXIT.MOVMooV"
00 73 00 00 00 10 03 58 f8 18 00 00 00 01 00 00 00 01 00 05 00 00 00 00 00 00 00 28 00 00 00 34 00 00 00 41 00 00 00 4e 00 00 00 "on mouseUp\r  go to marker(1)\rend mouseUp\u000broomentr.cd\fNuerodancer:\fROOMENTR.MOVMooV"
00 73 00 00 00 10 03 58 f8 28 00 00 00 01 00 00 00 01 00 05 00 00 00 00 00 00 00 19 00 00 00 21 00 00 00 2e 00 00 00 3a 00 00 00 "on mouseUp\r  \rend mouseUp\u0007credits\fNuerodancer:\u000bCREDITS.MOVMooV"


00 73 00 00 00 10 00 00 00 00 00 00 00 00 00 00 00 00 00 05 00 00 00 00 00 00 00 00 00 00 00 09 00 00 00 09 00 00 00 09 00 00 00 "\bL.R.1.s8"
00 73 00 00 00 10 00 00 00 00 00 00 00 00 00 00 00 00 00 05 00 00 00 00 00 00 00 00 00 00 00 09 00 00 00 09 00 00 00 09 00 00 00 "\bArm.Lite"
00 73 00 00 00 10 00 00 00 00 00 00 00 00 00 00 00 00 00 05 00 00 00 00 00 00 00 00 00 00 00 09 00 00 00 09 00 00 00 09 00 00 00 "\bPage.Dim"
00 73 00 00 00 10 00 00 00 00 00 00 00 00 00 00 00 00 00 05 00 00 00 00 00 00 00 00 00 00 00 09 00 00 00 09 00 00 00 09 00 00 00 "\bOrb.Lite"
00 73 00 00 00 10 00 00 00 00 00 00 00 00 00 00 00 00 00 05 00 00 00 00 00 00 00 00 00 00 00 09 00 00 00 09 00 00 00 09 00 00 00 "\bSUPERPAL"
00 73 00 00 00 10 00 00 00 00 00 00 00 00 00 00 00 00 00 05 00 00 00 00 00 00 00 00 00 00 00 09 00 00 00 09 00 00 00 09 00 00 00 "\bKnockOut"

00 73 00 00 00 10 00 00 00 00 00 00 00 00 00 00 00 00 00 05 00 00 00 00 00 00 00 00 00 00 00 0d 00 00 00 0d 00 00 00 0d 00 00 00 "\fkatar bio.s8"
00 73 00 00 00 10 00 00 00 00 00 00 00 00 00 00 00 00 00 05 00 00 00 00 00 00 00 00 00 00 00 0d 00 00 00 0d 00 00 00 0d 00 00 00 "\fUpArrow.Lite"
00 73 00 00 00 10 00 00 00 00 00 00 00 00 00 00 00 00 00 05 00 00 00 00 00 00 00 00 00 00 00 0d 00 00 00 0d 00 00 00 0d 00 00 00 "\fDROIDdead.s8"
00 73 00 00 00 10 00 00 00 00 00 00 00 00 00 00 00 01 00 05 00 00 00 00 00 00 00 00 00 00 00 0d 00 00 00 1a 00 00 00 27 00 00 00 "\fjen dance.cd\fnuerodancer:\fJENDANCE.MOVMooV"

00 73 00 00 00 10 00 00 00 00 00 00 00 00 00 00 00 00 00 05 00 00 00 00 00 00 00 00 00 00 00 0b 00 00 00 0b 00 00 00 0b 00 00 00 "\nPhone.Ring"
00 73 00 00 00 10 00 00 00 00 00 00 00 00 00 00 00 00 00 05 00 00 00 00 00 00 00 00 00 00 00 0b 00 00 00 0b 00 00 00 0b 00 00 00 "\nUnhook.Lit"
00 73 00 00 00 10 00 00 00 00 00 00 00 00 00 00 00 00 00 05 00 00 00 00 00 00 00 00 00 00 00 0b 00 00 00 0b 00 00 00 0b 00 00 00 "\nRArrow.Dim"
00 73 00 00 00 10 00 00 00 00 00 00 00 00 00 00 00 00 00 05 00 00 00 00 00 00 00 00 00 00 00 0b 00 00 00 0b 00 00 00 0b 00 00 00 "\nLArrow.Dim"

00 73 00 00 00 10 00 00 00 00 00 00 00 00 00 00 00 01 00 05 00 00 00 00 00 00 00 00 00 00 00 0e 00 00 00 1b 00 00 00 28 00 00 00 "\rkim dance new\fNuerodancer:\fKIMDANCE.MOVMooV"

00 73 00 00 00 10 00 00 00 00 00 00 00 00 00 00 00 00 00 05 00 00 00 00 00 00 00 00 00 00 00 0a 00 00 00 0a 00 00 00 0a 00 00 00 "\tPhone.Lit"

00 73 00 00 00 10 00 00 00 00 00 00 00 00 00 00 00 00 00 05 00 00 00 00 00 00 00 00 00 00 00 01 00 00 00 01 00 00 00 01 00 00 00 "\u0000"
00 73 00 00 00 10 00 00 00 00 00 00 00 00 00 00 00 00 00 05 00 00 00 00 00 00 00 00 00 00 00 05 00 00 00 05 00 00 00 05 00 00 00 "\u00041Sec"
00 73 00 00 00 10 00 00 00 00 00 00 00 00 00 00 00 00 00 05 00 00 00 00 00 00 00 00 00 00 00 05 00 00 00 05 00 00 00 05 00 00 00 "\u00042Sec"
00 73 00 00 00 10 00 00 00 00 00 00 00 00 00 00 00 00 00 05 00 00 00 00 00 00 00 00 00 00 00 05 00 00 00 05 00 00 00 05 00 00 00 "\u00043Sec"
00 73 00 00 00 10 00 00 00 00 00 00 00 00 00 00 00 00 00 05 00 00 00 00 00 00 00 00 00 00 00 05 00 00 00 05 00 00 00 05 00 00 00 "\u0004hell"
00 73 00 00 00 10 00 00 00 00 00 00 00 00 00 00 00 00 00 05 00 00 00 00 00 00 00 00 00 00 00 05 00 00 00 05 00 00 00 05 00 00 00 "\u0004RP.2"
00 73 00 00 00 10 00 00 00 00 00 00 00 00 00 00 00 00 00 05 00 00 00 00 00 00 00 00 00 00 00 05 00 00 00 05 00 00 00 05 00 00 00 "\u0004RP.3"
00 73 00 00 00 10 00 00 00 00 00 00 00 00 00 00 00 00 00 05 00 00 00 00 00 00 00 00 00 00 00 05 00 00 00 05 00 00 00 05 00 00 00 "\u0004RP.4"
00 73 00 00 00 10 00 00 00 00 00 00 00 00 00 00 00 00 00 05 00 00 00 00 00 00 00 00 00 00 00 05 00 00 00 05 00 00 00 05 00 00 00 "\u0004side"
00 73 00 00 00 10 00 00 00 00 00 00 00 00 00 00 00 01 00 05 00 00 00 00 00 00 00 00 00 00 00 05 00 00 00 12 00 00 00 1b 00 00 00 "\u0004maze\fNuerodancer:\bMAZE.MOVMooV"
00 73 00 00 00 10 00 00 00 00 00 00 00 00 00 00 00 01 00 05 00 00 00 00 00 00 00 00 00 00 00 06 00 00 00 13 00 00 00 1d 00 00 00 "\u0005texas\fNEURODANCER:\tTEXAS.MOVMooV"
00 73 00 00 00 10 00 00 00 00 00 00 00 00 00 00 00 01 00 05 00 00 00 00 00 00 00 00 00 00 00 06 00 00 00 13 00 00 00 1d 00 00 00 "\u0005texas\fNEURODANCER:\tTEXAS.MOVMooV"
00 73 00 00 00 10 00 00 00 00 00 00 00 00 00 00 00 00 00 05 00 00 00 00 00 00 00 00 00 00 00 06 00 00 00 06 00 00 00 06 00 00 00 "\u0005click"
00 73 00 00 00 10 00 00 00 00 00 00 00 00 00 00 00 00 00 05 00 00 00 00 00 00 00 00 00 00 00 06 00 00 00 06 00 00 00 06 00 00 00 "\u0005voice"
00 73 00 00 00 10 00 00 00 00 00 00 00 00 00 00 00 00 00 05 00 00 00 00 00 00 00 00 00 00 00 07 00 00 00 07 00 00 00 07 00 00 00 "\u0006bottom"
00 73 00 00 00 10 00 00 00 00 00 00 00 00 00 00 00 00 00 05 00 00 00 00 00 00 00 00 00 00 00 07 00 00 00 07 00 00 00 07 00 00 00 "\u0006L.1.s8"
00 73 00 00 00 10 00 00 00 00 00 00 00 00 00 00 00 00 00 05 00 00 00 00 00 00 00 00 00 00 00 07 00 00 00 07 00 00 00 07 00 00 00 "\u0006L.3.s8"
00 73 00 00 00 10 00 00 00 00 00 00 00 00 00 00 00 00 00 05 00 00 00 00 00 00 00 00 00 00 00 07 00 00 00 07 00 00 00 07 00 00 00 "\u0006L.4.s8"
00 73 00 00 00 10 00 00 00 00 00 00 00 00 00 00 00 00 00 05 00 00 00 00 00 00 00 00 00 00 00 08 00 00 00 08 00 00 00 08 00 00 00 "\u0007Arm.Dim"
00 73 00 00 00 10 00 00 00 00 00 00 00 00 00 00 00 00 00 05 00 00 00 00 00 00 00 00 00 00 00 08 00 00 00 08 00 00 00 08 00 00 00 "\u0007sliding"
00 73 00 00 00 10 00 00 00 00 00 00 00 00 00 00 00 00 00 05 00 00 00 00 00 00 00 00 00 00 00 0c 00 00 00 0c 00 00 00 0c 00 00 00 "\u000bKIM  bio.s8"
00 73 00 00 00 10 00 00 00 00 00 00 00 00 00 00 00 01 00 05 00 00 00 00 00 00 00 00 00 00 00 0c 00 00 00 19 00 00 00 25 00 00 00 "\u000bJen talk.cd\fNuerodancer:\u000bJENTALK.MOVMooV"
00 73 00 00 00 10 00 00 00 00 00 00 00 00 00 00 00 01 00 05 00 00 00 00 00 00 00 00 00 00 00 0c 00 00 00 19 00 00 00 25 00 00 00 "\u000bjen tfui.cd\fNuerodancer:\u000bJENTFUI.MOVMooV"
00 73 00 00 00 10 00 00 00 00 00 00 00 00 00 00 00 01 00 05 00 00 00 00 00 00 00 00 00 00 00 0c 00 00 00 19 00 00 00 25 00 00 00 "\u000bKim tfui.cd\fNuerodancer:\u000bKIMTFUI.MOVMooV"
00 73 00 00 00 10 00 00 00 00 00 00 00 00 00 00 00 00 00 05 00 00 00 00 00 00 00 00 00 00 00 10 00 00 00 10 00 00 00 10 00 00 00 "\u000fjennifer.bio.s8"
00 73 00 00 00 10 00 00 00 00 00 00 00 00 00 00 00 00 00 05 00 00 00 00 00 00 00 00 00 00 00 10 00 00 00 10 00 00 00 10 00 00 00 "\u000fWelcome to.pict"
00 73 00 00 00 10 00 00 00 00 00 00 00 00 00 00 00 01 00 05 00 00 00 00 00 00 00 00 00 00 00 10 00 00 00 1d 00 00 00 2a 00 00 00 "\u000fkatara dance.cd\fNuerodancer:\fKATDANCE.MOVMooV"
00 73 00 00 00 10 00 00 00 00 00 00 00 00 00 00 00 00 00 05 00 00 00 00 00 00 00 00 00 00 00 11 00 00 00 11 00 00 00 11 00 00 00 "\u0010Choose a girl.s8"
00 73 00 00 00 10 00 00 00 00 00 00 00 00 00 00 00 00 00 05 00 00 00 00 00 00 00 00 00 00 00 11 00 00 00 11 00 00 00 11 00 00 00 "\u0010Now Exiting Maze"
00 73 00 00 00 10 00 00 00 00 00 00 00 00 00 00 00 00 00 05 00 00 00 00 00 00 00 00 00 00 00 12 00 00 00 12 00 00 00 12 00 00 00 "\u0011answering machine"
00 73 00 00 00 10 00 00 00 00 00 00 00 00 00 00 00 00 00 05 00 00 00 00 00 00 00 00 00 00 00 13 00 00 00 13 00 00 00 13 00 00 00 "\u0012Call screen.pict.8"
00 73 00 00 00 10 00 00 00 00 00 00 00 00 00 00 00 00 00 05 00 00 00 00 00 00 00 00 00 00 00 14 00 00 00 14 00 00 00 14 00 00 00 "\u0013now entering VRUI.8"
00 73 00 00 00 10 00 00 00 00 00 00 00 00 00 00 00 00 00 05 00 00 00 00 00 00 00 00 00 00 00 15 00 00 00 15 00 00 00 15 00 00 00 "\u0014Awaiting user.pict.8"
00 73 00 00 00 10 00 00 00 00 00 00 00 00 00 00 00 00 00 05 00 00 00 00 00 00 00 00 00 00 00 15 00 00 00 15 00 00 00 15 00 00 00 "\u0014Not enough credits.8"
00 73 00 00 00 10 00 00 00 00 00 00 00 00 00 00 00 00 00 05 00 00 00 00 00 00 00 00 00 00 00 18 00 00 00 18 00 00 00 18 00 00 00 "\u0017You Can't Go On!.pict.8"
00 73 00 00 00 10 00 00 00 00 00 00 00 00 00 00 00 00 00 05 00 00 00 00 00 00 00 00 00 00 00 18 00 00 00 18 00 00 00 18 00 00 00 "\u0017Your neurodancer.pict.8"
